position	functional_probability
chr3:78696778:78696805	0.738778515
chr3:78742497:78742506	0.745870092
